board
0,0,0,0,0,0,0,0,0,0
0,0,0,0,0,0,0,0,0,0
0,0,0,0,0,0,0,0,0,0
0,0,0,0,0,0,0,0,0,0
0,0,0,1,1,1,1,0,0,0
0,0,0,1,1,1,1,0,0,0
0,0,0,1,1,1,1,0,0,0
0,0,0,0,0,0,0,0,0,0
0,0,0,0,0,0,0,0,0,0
0,0,0,0,0,0,0,0,0,0
pieces
2,4,2,0
3,2,3,0
5,1,2,1
2,4,2,0
4,2,5,1
5,1,2,0
points
100
ai
bfs
moves
([60, 2, 370, 4, [[1, 1], [1, 1], [1, 1], [1, 1]]], 0, (0, 0))
([60, 2, 350, 4, [[1, 1], [1, 1], [1, 1], [1, 1]]], 0, (2, 0))
([60, 4, 350, 2, [[0, 0, 1, 0], [1, 1, 1, 1]]], 0, (4, 0))
([60, 5, 350, 1, [[1, 1, 1, 1, 1]]], 0, (4, 2))
([240, 3, 370, 2, [[1, 0, 0], [1, 1, 1]]], 0, (7, 3))
([420, 5, 370, 1, [[1, 1, 1, 1, 1]]], 0, (0, 7))