board
0,0,0,0,0,0,0,0
0,0,0,0,0,0,0,0
0,0,0,0,0,0,0,0
0,0,0,0,0,0,0,0
0,0,0,0,0,0,0,0
0,0,0,0,0,0,0,0
0,0,0,0,0,0,0,0
0,0,0,0,0,0,0,0
pieces
3,2,3,1
3,2,6,0
2,2,1,0
3,2,3,1
2,4,2,0
3,2,3,0
3,2,6,1
2,2,1,0
3,2,3,0
points
0
ai
dfs
moves
([420, 2, 530.0, 2, [[1, 1], [1, 1]]], 2, (6, 6))
([420, 3, 530, 2, [[0, 0, 1], [1, 1, 1]]], 2, (3, 6))
([420, 2, 530, 4, [[1, 1], [1, 1], [1, 1], [1, 1]]], 2, (1, 4))
([420, 3, 530, 2, [[1, 0, 0], [1, 1, 1]]], 2, (5, 4))
([420, 3, 530, 2, [[1, 0, 0], [1, 1, 1]]], 2, (5, 2))
([420, 2, 530, 2, [[1, 1], [1, 1]]], 2, (3, 5))
([420, 3, 530, 2, [[1, 0, 0], [1, 1, 1]]], 2, (2, 2))
([240, 3, 530.0, 2, [[0, 0, 1], [1, 1, 1]]], 1, (5, 0))
([60, 3, 530.0, 2, [[0, 0, 1], [1, 1, 1]]], 0, (2, 0))