board
0,0,0,0,0,0,0,0
0,0,0,0,0,0,0,0
0,0,0,0,0,0,0,0
0,0,0,0,0,0,0,0
0,0,0,0,0,0,0,0
0,0,0,0,0,0,0,0
0,0,0,0,0,0,0,0
0,0,0,0,0,0,0,0
pieces
3,2,3,1
3,2,6,0
2,2,1,0
3,2,3,1
2,4,2,0
3,2,3,0
3,2,6,1
2,2,1,0
3,2,3,0
2,2,1,0
2,4,2,0
2,2,1,0
points
30
ai
astarw
moves
([60, 3, 530.0, 2, [[0, 0, 1], [1, 1, 1]]], 0, (0, 0))
([60, 3, 530, 2, [[0, 0, 1], [1, 1, 1]]], 0, (3, 0))
([60, 2, 530, 4, [[1, 1], [1, 1], [1, 1], [1, 1]]], 0, (6, 0))
([60, 3, 530, 2, [[1, 0, 0], [1, 1, 1]]], 0, (0, 0))
([60, 3, 530, 2, [[1, 0, 0], [1, 1, 1]]], 0, (3, 0))
([60, 2, 530, 2, [[1, 1], [1, 1]]], 0, (0, 2))
([60, 3, 530, 2, [[1, 0, 0], [1, 1, 1]]], 0, (2, 2))
([60, 2, 530, 2, [[1, 1], [1, 1]]], 0, (0, 4))
([60, 2, 530, 4, [[1, 1], [1, 1], [1, 1], [1, 1]]], 0, (2, 4))
([60, 2, 530, 2, [[1, 1], [1, 1]]], 0, (0, 6))
([240, 3, 530.0, 2, [[0, 0, 1], [1, 1, 1]]], 0, (4, 4))
([420, 2, 530.0, 2, [[1, 1], [1, 1]]], 0, (4, 6))