board
0,0,0,0,1,1,0,0,0,0
0,0,0,0,0,0,0,0,0,0
0,0,0,0,1,1,0,0,0,0
0,0,0,0,0,0,0,0,0,0
0,0,0,1,1,1,1,0,0,0
0,0,0,1,1,1,1,0,0,0
0,0,0,1,1,1,1,0,0,0
1,1,1,1,1,1,1,1,1,1
1,1,1,1,1,1,1,1,1,1
0,0,0,0,0,0,0,0,0,0
pieces
2,2,1,0
3,2,3,0
5,4,3,1
4,2,5,0
4,2,5,1
5,1,2,0
points
100
ai
greed
moves
([60, 2, 370, 2, [[1, 1], [1, 1]]], 0, (0, 0))
([240, 3, 370, 2, [[1, 0, 0], [1, 1, 1]]], 1, (6, 7))
([420, 5, 370, 4, [[0, 0, 0, 0, 1], [0, 0, 0, 0, 1], [0, 0, 0, 0, 1], [1, 1, 1, 1, 1]]], 2, (2, 0))
([60, 4, 350, 2, [[0, 0, 1, 0], [1, 1, 1, 1]]], 0, (3, 8))
([240, 4, 350, 2, [[0, 0, 1, 0], [1, 1, 1, 1]]], 0, (6, 0))
([420, 5, 350, 1, [[1, 1, 1, 1, 1]]], 0, (0, 7))