board
0,0,0,0,0,0,0,0,0,0
0,0,0,0,0,0,0,0,0,0
0,0,0,0,0,0,0,0,0,0
0,0,0,0,0,0,0,0,0,0
0,0,0,0,0,0,0,0,0,0
0,0,0,0,0,0,0,0,0,0
0,0,0,0,0,0,0,0,0,0
0,0,0,0,0,0,0,0,0,0
0,0,0,0,0,0,0,0,0,0
0,0,0,0,0,0,0,0,0,0
pieces
4,2,2,0
4,2,2,0
4,2,2,0
4,2,2,0
4,2,2,0
4,2,2,0
points
0
ai
ucs
moves
([60, 4, 560.0, 2, [[1, 1, 1, 1], [1, 1, 1, 1]]], 0, (0, 0))
([240, 4, 560.0, 2, [[1, 1, 1, 1], [1, 1, 1, 1]]], 1, (5, 2))
([420, 4, 560.0, 2, [[1, 1, 1, 1], [1, 1, 1, 1]]], 2, (6, 8))
([420, 4, 560, 2, [[1, 1, 1, 1], [1, 1, 1, 1]]], 2, (2, 8))
([240, 4, 560, 2, [[1, 1, 1, 1], [1, 1, 1, 1]]], 1, (6, 6))
([60, 4, 560, 2, [[1, 1, 1, 1], [1, 1, 1, 1]]], 0, (2, 6))